(95 1668)
(2500 2820)
(3521 2997)(3521 3117)(3641 3117)(3641 2997)
(3524 2400)(3524 2447)(3857 2447)(3857 2400)
(3647 2447)(3647 3050)(4338 3050)(4338 2447)
(3524 2447)(3524 2994)(3647 2994)(3647 2447)
(3493 2560)(3493 2580)(3513 2580)(3513 2560)
(3647 3069)(3647 3119)(4767 3119)(4767 3069)
(1337 4406)(1337 3781)(712 3781)(712 4406)
(706 3775)(706 3150)(81 3150)(81 3775)
(4789 2250)(4789 3042)(4839 3042)(4839 2250)
(3683 0)(3683 50)(4763 50)(4763 0)
(4789 77)(4789 1138)(4839 1138)(4839 77)
(0 1704)(0 2614)(50 2614)(50 1704)
(2828 0)(2828 50)(3658 50)(3658 0)
(4489 1432)(4489 1632)(4536 1632)(4536 1432)
(0 1454)(0 1634)(330 1634)(330 1454)
(110 1643)(110 1823)(440 1823)(440 1643)
(0 0.9)(0 1446.42)(2820 1446.42)(2820 0.9)
(4742 2749)(4742 2911)(4770 2911)(4770 2749)
(0 3048)(0 3119)(71 3119)(71 3048)
(4768 1)(4768 72)(4839 72)(4839 1)
(4536.65 1433.8)(4536.65 1633)(4839 1633)(4839 1433.8)
(4489 1633)(4489 1753)(4839 1753)(4839 1633)
(2825 2048)(2825 2399.12)(2985.51 2399.12)(2985.51 2048)
(3981 56)(3981 81.08)(4005.17 81.08)(4005.17 56)
(81 1794)(81 1819.08)(105.168 1819.08)(105.168 1794)
(3862 2418)(3862 2443.08)(3886.17 2443.08)(3886.17 2418)
(1393 3092)(1393 3117.08)(1417.17 3117.08)(1417.17 3092)
(4839 2248)(4839 1772.92)(4589 1772.92)(4589 2248)
(2521 2399)(2521 2134.52)(2821.96 2134.52)(2821.96 2399)
(2370 2399)(2370 2134.52)(2520.48 2134.52)(2520.48 2399)
(1528 2450)(1528 2595.92)(1675.97 2595.92)(1675.97 2450)
(3882 1128)(3882 1273.92)(4029.97 1273.92)(4029.97 1128)
(4353 3006)(4353 3050)(4509 3050)(4509 3006)
(4342 3030)(4342 3050)(4350 3050)(4350 3030)
